55286
15169
5089
16276
207990
203020
211680
8560
6871
14061
22772
13213
396982
201771
201011
211252
398324
62907
55992
135377
174
175
13448
176
187
395651
4837
49870
396356
133118
4808
17621
42926
56046
211298
47154
397044
14618
60754
3223
3561
3842
4250
4323
4694
5577
6724
6870
6939
7203
7489
7506
7850
7979
8075
22363
8100
8455
8972
9009
9370
ASN
10297
10439
10929
11588
11831
11878
12586
12876
12989
13739
13926
14127
15003
15083
15395
15497
15510
15626
15734
16125
16262
16284
16397
16509
16628
17216
18450
18779
18978
19084
19318
19437
19531
19624
19844
19871
19969
20021
20264
20454
20473
20598
20738
20773
20836
20860
21100
21159
21321
21859
22552
22781
23033
23342
23352
24482
24768
24875
24940
24961
24971
25163
25369
25379
25780
25820
27257
28753
29066
29073
29182
29302
29354
29465
29550
29691
29802
29838
29854
30083
30176
30475
30633
30693
30900
30998
31103
32097
32181
32244
32475
32489
32613
32780
33070
33083
33182
33302
33330
33387
33438
33480
33724
33785
33891
34305
34971
34989
35017
35366
35415
35470
35662
35908
35916
36024
36114
36290
36351
36352
36666
36873
36887
36920
36970
37018
37088
37153
37170
37209
37230
37248
37269
37280
37308
37347
37377
37472
37506
37521
37540
37643
37661
37692
37714
38001
39020
39326
39351
39392
39572
40156
40244
40676
40824
40861
41653
41665
42160
42331
42473
42695
42708
42730
42831
43146
49505
43289
43317
43350
44050
44066
45102
45187
45470
45671
45815
46261
46430
46475
46562
46664
46805
46816
46844
47328
47447
47588
49349
49453
2
137
174
209
577
701
803
852
1221
1241
1267
1547
1797
1916
1930
2107
2108
2116
2119
2200
2514
2527
2561
2588
2707
2711
2764
2828
2856
2907
3175
3208
3209
3212
3215
3216
3217
3226
3245
3255
3269
3292
3320
3326
3352
3462
3491
3549
3605
3741
3786
3816
3842
4007
4134
4230
4474
4515
4538
4613
4618
4621
4637
4685
4694
4713
4755
4760
4761
4766
4773
4775
4780
4787
4788
4795
4800
4808
4809
4812
4818
4826
4837
4847
4995
5089
5384
5413
5466
5483
5484
5542
5567
5576
5577
5588
5603
5610
5617
5645
5769
6057
6128
6147
6163
6306
6332
6364
6400
6471
6503
6568
6621
6653
6663
6697
6700
6702
6717
6724
6739
6752
6789
6799
6821
6830
6843
6849
6855
6856
6858
6866
6876
6886
6910
6939
7018
7029
7162
7303
7332
7459
7468
7470
7489
7506
7545
7552
7590
7600
7602
7684
7713
7727
7738
7922
8048
8075
8100
8151
8163
8167
8267
8308
8326
8331
8342
8345
8359
8369
8374
8393
8400
8402
8439
8447
8449
8452
8470
8491
8492
8551
8557
8560
8585
8595
8641
8708
8711
8717
8732
8749
8764
8774
8787
8866
8926
8967
9003
9009
9050
9051
9070
9085
9105
9116
9121
9123
9125
9146
9155
9185
9198
9224
9228
9260
9269
9299
9304
9318
9340
9341
9370
9371
9387
9394
9422
9441
9444
9484
9498
9534
9557
9583
9657
9658
9808
9829
9832
9835
9873
9891
9902
9905
9908
9924
9927
9929
9930
9931
9934
9988
10013
10029
10217
10226
10396
10429
10474
10481
10620
10670
10753
10796
10834
10835
11014
11062
11172
11232
11404
11426
11427
11492
11556
11580
11664
11686
11830
11845
11878
11888
11904
11921
11994
12066
12083
12150
12252
12297
12301
12312
12338
12353
12357
12389
12406
12414
12418
12426
12430
12455
12479
12507
12578
12580
12586
12593
12668
12685
12688
12695
12700
12714
12716
12735
12741
12767
12768
12772
12847
12874
12876
12880
12963
12975
12997
13032
13036
13092
13188
13257
13296
13354
13489
13999
14061
14080
14117
14178
14259
14263
14361
14463
14522
14618
14754
14868
15054
15083
15169
15305
15311
15320
15377
15471
15493
15525
15582
15704
15774
15808
15836
15895
15924
15958
15964
15967
15974
15997
16010
16097
16143
16160
16223
16246
16276
16284
16301
16322
16347
16509
16531
16629
16637
16713
16735
16814
17069
17222
17306
17411
17444
17451
17469
17471
17483
17494
17501
17534
17552
17557
17564
17623
17639
17658
17665
17670
17676
17726
17754
17806
17816
17870
17882
17885
17962
17974
17995
18002
18059
18101
18103
18182
18196
18209
18229
18403
18678
18734
18779
18840
18881
18978
19037
19084
19089
19114
19222
19318
19429
19528
19530
19537
19711
19751
19863
19875
19889
19994
20001
20058
20115
20278
20294
20354
20473
20485
20539
20632
20723
20746
20771
20845
20860
20910
20911
20912
20917
20960
20978
21003
21017
21021
21075
21127
21183
21228
21246
21277
21287
21299
21305
21310
21334
21353
21365
21367
21412
21430
21437
21438
21442
21453
21479
21491
21599
21688
21826
21859
21928
22047
22368
22394
22555
22616
22666
22689
22724
22747
22750
22773
22829
22884
23201
23383
23487
23520
23650
23671
23673
23674
23679
23688
23694
23700
23724
23750
23752
23844
23860
23910
23923
23930
23947
23949
23953
23956
23969
24028
24122
24138
24139
24173
24186
24187
24207
24211
24309
24323
24342
24400
24413
24435
24441
24481
24492
24521
24525
24530
24532
24547
24550
24556
24559
24560
24588
24589
24631
24634
24663
24806
24822
24863
24892
24921
24940
24945
24955
25086
25100
25106
25124
25144
25159
25183
25184
25229
25248
25255
25369
25374
25386
25389
25408
25429
25454
25471
25490
25511
25512
25513
25515
25549
25607
25620
25820
25933
26077
26210
26253
26347
26422
26496
26599
26615
26721
27262
27471
27552
27668
27695
27696
27699
27715
27717
27725
27738
27740
27742
27747
27768
27792
27831
27837
27843
27845
27884
27887
27895
27901
27932
27934
27947
27951
28006
28007
28065
28103
28126
28146
28165
28166
28186
28188
28192
28201
28202
28250
28252
28260
28263
28279
28283
28285
28310
28317
28323
28328
28329
28331
28343
28364
28368
28373
28418
28539
28573
28580
28590
28598
28642
28668
28669
28683
28699
28745
28812
28840
28885
28917
29013
29046
29049
29066
29072
29091
29107
29119
29124
29170
29182
29208
29226
29256
29283
29286
29303
29399
29456
29465
29491
29492
29497
29600
29684
14007
29933
29968
29979
30036
30404
209
30496
30500
30612
30722
30733
30764
30836
30844
30868
30873
30900
30922
30936
30944
30969
30985
31000
31034
31036
31042
31059
31148
31200
31203
31208
31213
31214
31216
31242
31245
31252
31334
31336
31357
31370
31376
31400
31430
31472
31514
31543
31549
31556
31724
31725
31856
31863
31898
31960
32244
32475
32592
33307
33322
33763
33781
33894
33915
33934
33983
34078
34123
34168
34170
34248
34267
34300
34315
34356
34359
34456
34467
34533
34569
34590
34700
34754
34772
34858
34863
34867
34977
34984
34989
34990
35000
35004
35026
35032
35074
35091
35104
35132
35191
35199
35214
35362
35415
35444
35539
35549
35566
35567
35575
35612
35699
35804
35805
35807
35815
35816
35843
35913
36007
36212
36351
36352
36864
36866
36873
36874
36877
36914
36916
36920
36923
36926
36937
36947
36955
36992
36994
36997
37004
37012
37027
37053
37054
37061
37088
37094
37098
37100
37103
37148
37156
37182
37187
37214
37228
37230
37236
37269
37282
37284
37292
37308
37314
37315
37342
37350
37353
37358
37390
37425
37451
37455
37462
37463
37468
37521
37532
37540
37549
37596
37603
37611
37612
37629
37675
37678
37963
38017
38019
38026
38044
38077
38143
38156
38200
38235
38264
38283
38320
38328
38365
38370
38511
38524
38547
38592
38623
38710
38712
38713
38719
38732
38744
38750
38758
38765
38769
38790
38794
38805
38841
38901
38924
38934
38976
38984
38987
39007
39010
39012
39046
39089
39120
39135
39180
39216
39251
39289
39297
39315
39326
39399
39407
39435
39578
39582
39608
39650
39707
39737
39906
39912
39927
40047
40065
40156
40676
40995
41024
41164
41302
41421
41465
41491
41544
41557
41668
41670
41682
41691
41704
41732
41750
41754
41786
41798
41802
41820
41828
41881
41897
41898
41922
41965
41967
42043
42083
42116
42145
42239
42261
42291
42298
42306
42313
42314
42337
42339
42351
42429
42430
42478
42511
42517
42571
42586
42610
42641
42673
42682
42708
42742
42760
42772
42807
42905
42926
43022
43045
43087
43139
43160
43205
43212
43228
43260
43297
43314
43317
43361
43391
43451
43478
43541
43561
43660
43668
43754
43880
43936
43939
43940
44010
44032
44056
44133
44206
44208
44217
44257
44267
44285
44318
44375
44377
44391
44395
44489
44507
44587
44604
44613
44629
44651
44677
44724
44800
44827
44869
44889
44921
45025
45062
45090
45102
45117
45165
45184
45194
45204
45223
45232
45235
45243
45287
45302
45305
45326
45335
45429
45433
45458
45536
45543
45557
45582
45588
45595
45629
45634
45650
45694
45706
45753
45769
45786
45820
45899
45916
45996
46044
46160
46375
46573
46606
46844
47118
47196
47210
47331
47441
47517
47524
47583
47655
47702
47782
47790
47796
47800
47844
47873
47895
47914
47923
47975
48004
48031
48094
48115
48117
48133
48149
48161
48166
48243
48265
48309
48320
48323
48347
48359
48368
48409
48416
48434
48479
48485
48506
48524
48532
48551
48574
48614
48626
48661
48711
48716
48737
48739
48870
48957
48964
49037
49100
49103
49106
49125
49242
49332
49335
49342
49350
49367
49472
49505
49506
49594
49732
49800
49924
49971
49979
49981
49984
50010
50022
50045
50060
50113
50115
50130
50241
50247
50289
50299
50340
50367
50477
50481
50498
50500
50543
50597
50648
50688
50710
50716
50717
50749
50802
50809
50810
50911
50916
50923
50979
51042
51052
51074
51110
51142
51155
51167
51181
51235
51357
51408
51448
51469
51506
51507
51515
51559
51570
51580
51582
51583
51612
51645
51653
51659
51738
51759
51784
51978
52035
52040
52131
52163
52191
52228
52268
52300
52322
52361
52363
52431
52444
52468
52512
52564
52596
52597
52661
52673
52679
52688
52760
52788
52860
52902
52928
52939
52952
52974
53006
53062
53075
53078
53081
53093
53114
53122
53158
53162
53164
53175
53181
53195
53202
53209
53667
54039
54040
54103
54455
54600
54755
55286
55293
55330
55352
55406
55410
55492
55501
55636
55666
55685
55688
55693
55698
55699
55701
55708
55714
55803
55824
55828
55915
55960
55967
55990
56030
56040
56041
56046
56047
56233
56237
56242
56245
56264
56300
56402
56420
56466
56503
56534
56622
56664
56911
56994
57096
57099
57102
57186
57214
57227
57230
57235
57293
57378
57497
57588
57705
57803
57910
57993
58065
58071
58079
58224
58309
58314
58347
58369
58396
58400
58439
58461
58466
58477
58482
58495
58504
58552
58593
58678
58689
58731
58736
58906
58923
58953
58965
58967
58985
59037
59139
59161
59162
59164
59249
59273
59349
59362
59440
59441
59442
59477
59744
59847
59931
59989
60068
60139
60171
60203
60245
60279
60312
60397
60398
60581
60609
60631
60732
60757
60798
60822
60932
60976
61000
61016
61053
61102
61154
61169
61173
61272
61317
61323
61461
61493
61512
61665
61678
61790
61811
61889
61942
61964
62099
62206
62386
62393
62724
62839
63023
63060
63298
63488
63490
63493
63526
63612
63852
63859
63916
63949
63961
63969
63980
64022
64043
64050
64111
64300
64301
131090
131111
131178
131207
131267
131293
131584
131706
131708
131711
131724
131745
131746
131755
131767
131769
131775
132148
132165
132203
132215
132228
132280
132453
132480
132556
132559
132599
132641
132652
132678
132744
132768
132770
132960
133070
133115
133159
133177
133201
133231
133255
133275
133278
133296
133309
133311
133354
133355
133378
133385
133443
133469
133481
133593
133623
133647
133651
133674
133676
133720
133774
133775
134001
134006
134014
134016
134021
134032
134033
134053
134113
134146
134177
134186
134294
134307
134316
134319
134325
134341
134371
134382
134512
134552
134715
134732
134739
134764
134771
134835
134877
134903
134905
134908
134924
134941
134966
134970
134995
135003
135223
135224
135257
135310
135370
135375
135377
135478
135524
135594
135654
135700
135758
135760
135795
135826
135875
135905
135943
136004
136009
136022
136030
136085
136119
136141
136190
136224
136238
136246
136276
136334
136366
136374
136412
136419
136435
136461
136482
136498
136562
136598
136608
136716
136878
136880
136882
136907
136969
137004
137029
137085
137109
137143
137172
137252
137270
137287
137306
137416
137432
137454
137542
137922
138064
138119
138312
138346
138551
138730
138797
138823
138841
138844
139007
139041
139195
139201
139338
139351
139393
139460
139488
139558
139600
139806
196664
196705
196735
196901
196925
196949
197013
197025
197078
197099
197119
197181
197207
197442
197447
197453
197540
197605
197672
197695
197697
197792
197882
197922
198203
198293
198297
198357
198397
198541
198569
198770
198820
199046
199082
199484
199490
199521
199653
199883
199945
200185
200406
200434
200590
200615
200697
200740
200780
200964
201011
201150
201227
201285
201296
201453
201588
201684
202053
202208
202242
202269
202354
202365
202448
202468
202616
202700
202913
203004
203084
203684
203695
203735
203778
203811
203821
203971
204168
204213
204275
204281
204373
204601
204622
204650
204684
204757
204834
204957
205254
205285
205400
205544
205753
205820
205968
206065
206206
206241
206358
206495
206772
206957
208268
208556
209425
209782
210021
210037
210055
210238
262145
262159
262170
262183
262186
262191
262210
262215
262234
262273
262288
262314
262326
262345
262352
262360
262367
262401
262420
262461
262488
262503
262504
262561
262565
262569
262585
262589
262617
262650
262651
262653
262665
262673
262685
262698
262706
262726
262728
262729
262731
262732
262750
262822
262838
262847
262880
262913
262940
262952
262966
262996
262999
263007
263031
263056
263073
263077
263099
263130
263151
263162
263215
263224
263238
263271
263292
263310
263324
263327
263333
263345
263369
263424
263436
263515
263516
263562
263596
263623
263626
263629
263643
263665
263687
263725
263726
263800
263812
263898
263912
263917
263929
263936
263963
263976
263987
263996
264058
264106
264117
264141
264152
264204
264288
264326
264359
264384
264402
264416
264478
264486
264492
264514
264521
264549
264668
264831
264888
264890
264953
264961
265022
265080
265139
265264
265377
265457
265525
265587
265657
265688
265698
265759
265835
265936
265984
265990
265998
266009
266038
266129
266136
266168
266208
266260
266302
266374
266388
266434
266458
266494
266646
266710
266784
266802
266904
267041
267058
267084
267159
267173
267213
267234
267414
267434
267552
267585
267588
267614
267701
267745
267788
267828
267857
267953
267973
268081
268143
268283
268571
268701
268748
269199
269750
269832
327724
327750
327752
327760
327763
327767
327791
327795
327879
327903
327966
328101
328110
328130
328136
328160
328237
328244
328278
328422
328471
393573
394568
394579
395658
395667
395826
396208
81
209
721
812
2386
3186
3269
3561
3910
4538
4565
4808
5384
6939
7018
7029
7124
7256
7296
7393
7497
7545
7619
7837
9002
9145
9286
9697
9749
10037
10494
11290
11915
11969
11993
12232
12281
12684
13536
13583
14076
14428
14454
14545
14552
14669
14992
15040
15084
15270
15830
15964
17054
17184
17747
18501
18530
18747
18885
19606
19832
20454
21682
21859
22150
22338
22384
22613
22625
22769
23474
23475
23498
24000
25019
25568
26415
26484
26599
26643
26754
26883
27652
29278
29763
29791
30689
30827
31798
32152
32421
32436
32475
32477
32514
33020
33052
33070
33132
36114
36351
36706
36900
36983
37149
37200
37284
37382
37385
37434
37448
38186
38713
38803
40034
40329
45154
50955
51113
51375
53358
54041
54209
54231
54290
54600
54730
55480
55827
55933
56096
58330
58944
62485
62702
63301
64096
64535
65501
65521
65531
65534
131284
132116
132165
132422
133318
133495
133926
134995
135223
135754
135795
136038
136384
136525
136800
137085
137428
137443
137951
137978
139043
198247
198381
198394
198504
198949
209484
270623
328013
328096
328166
393588
393612
394039
394094
394402
394862
395532
396521
3
111
174
559
680
701
1101
2119
2547
3064
3242
3265
3301
3320
3462
3549
4224
4694
4755
4760
4780
5410
5483
5578
5588
5607
5617
5645
6315
6471
6503
6718
6830
6939
7016
7018
7162
7203
7418
7643
7725
7795
8100
8220
8283
8342
8437
8473
8551
8560
8612
8708
8881
9008
9009
9066
9116
9260
9381
10429
10996
11427
11831
12083
12093
12337
12389
12586
12659
12876
13022
13030
13124
14061
14536
15003
15154
15169
15626
16125
16186
16276
16509
17356
18451
18747
18881
19429
19969
20278
20473
20766
20845
20860
20904
21100
21232
21859
22047
24940
24961
24971
25198
25369
25512
25653
25697
26068
26496
28271
28573
28753
28855
29075
29182
29278
29691
29802
29854
30176
30633
30798
30836
30860
31103
31147
31400
31863
32097
32329
32780
33083
33387
33668
33785
33915
34168
34224
34700
34702
34779
34989
35196
35470
35661
35913
35916
36236
36352
36375
36850
37153
37560
38731
38935
39351
39642
39798
40676
41011
41164
41281
41653
41665
42331
42831
42926
43289
43317
43350
43513
43847
44066
44220
44493
44716
44901
44925
45045
45204
45382
45413
45820
46562
47066
47172
47447
47482
48496
48874
49367
49392
49453
49502
49697
49770
49855
50304
50360
50542
50613
50673
50979
51167
51395
51815
51852
52173
52423
53356
53667
55286
55470
55639
55720
57367
57858
57860
58073
58955
59728
59729
59760
59895
60339
60404
60567
60729
60781
60798
61171
61317
61493
62068
62248
62744
63473
63916
63930
63949
64425
131921
133398
134520
136052
136175
138576
196689
197019
197155
197328
197422
197540
197595
197726
198031
198093
198985
199118
199246
199456
200019
200081
200313
200651
200837
201401
201536
201848
202053
202242
202425
202933
203476
203523
204355
204490
204725
204911
204957
205053
205100
205235
206067
206264
206804
207319
207560
207616
207656
208294
208323
208951
209696
210083
210273
393886
394380
394738
395089
395954
396073
396362
396507
397031
397438
397444
49532
49544
49981
50297
50613
50673
51159
51167
51191
51395
51430
51731
51765
51852
52048
52173
52219
53013
53340
53559
53597
53667
53755
53850
53889
54104
54203
54455
54489
54500
54540
55225
55536
55933
55967
56322
56630
56934
57043
57169
57230
57858
58073
58305
59253
59349
59432
59504
59729
59764
60011
60068
60118
60404
60485
60505
60558
60567
60781
61102
61157
61317
61440
62217
62240
62282
62370
62471
62540
62567
63008
63018
63119
63128
63199
63473
63949
64245
64484
132816
133296
133480
133752
134451
136258
197155
197328
198310
199653
199883
200019
200039
201525
202053
202836
203523
203629
204196
327705
327784
327813
327942
328035
394256
394330
394380
395089
395111
395978
20248
44901
200904
53057
200532
50968
135822
55293
57286
201200
24549
39458
200000
14576
54290
206898
60117
20448
201553
54825
31472
8556
29119
60476
25532
49949
51698
42442
11274
57345
54817
53342
33569
201983
132425
197395
42699
31698
42612
29311
54527
63213
27175
13209
29140
27223
31659
49834
49693
30152
19133
198414
45201
31981
62605
61280
53332
61147
51109
19234
40438
58797
26978
29748
35974
262990
43021
39704
62899
53281
59615
55761
52335
16973
196827
32647
14992
198968
196745
62071
132869
56106
32911
24931
57669
48896
45481
132509
39839
63129
53370
25048
28747
46433
55051
18570
13955
16535
22903
9823
46945
263032
36536
50986
199733
48825
35914
33552
52236
28855
198347
40728
18120
53914
55720
27640
62563
202118
9290
45887
51050
20068
49485
40374
14415
46873
14384
54555
263237
53918
4851
32306
133229
28216
36236
42210
51248
49815
34649
41562
33260
24220
52347
45486
53055
51290
132225
133120
42776
55799
48446
263093
56732
42399
47385
40539
42244
47549
200147
393326
198171
57773
47583
43472
32338
9166
62082
198651
24725
29067
197902
42418
29097
196645
56110
23535
29869
62756
26484
25926
15189
20401
24679
25128
39756
32400
9412
9667
51294
23052
28099
45693
17881
17669
17918
50926
201634
22611
54641
132071
10207
45577
132070
262603
29883
24558
38279
199997
50465
14120
11235
50655
17019
31240
199481
16862
47161
56784
59791
59677
202023
199990
50872
54839
58936
11230
62310
38894
47172
262287
46260
14442
133143
197648
39451
58922
27589
42400
133393
201597
28997
60800
33322
199129
197372
57752
201670
14244
22152
34541
196678
43198
47625
62049
35295
42311
53589
59705
36791
14160
34432
41062
59135
201630
25260
23108
40281
31590
10532
22720
27357
7595
26481
29713
62651
62838
30849
14987
47577
54334
63916
50915
21217
59816
23273
59632
29452
59795
60739
15919
49313
57879
56617
62088
45179
27597
201702
32740
58667
12617
199847
25642
14567
35278
197914
41079
1442
43620
197439
198313
42705
44398
13909
34745
24958
17971
47143
59854
57682
3722
13647
20450
30235
47205
23881
198047
14986
17920
32275
50608
199213
262170
201862
43541
24381
10200
14708
27229
48093
42465
7598
55229
7349
33251
52465
52270
45152
8477
198153
52925
61412
262978
53225
41427
53101
41369
35467
59554
52674
24611
48812
40715
201449
52321
29331
201709
53221
198432
51241
56799
26277
58113
28333
42120
6718
2856
20692
17439
132717
9925
132779
42622
6188
40819
24997
38107
36408
57363
46177
62026
61107
394474
206092
198605
44418
52485
52393
202425
21769
32
33
34
35
36
398779
13737
18345
57523
13448
398722
133944
37105
398110
17676
43989
205119
20845
35141
35277
31034
200709
263812
200698
50340
206804
61272
55990
4804
4847
136907
53587
204472
62874
16591
54538
398705
ASNEnti
9808
53006
210558
49855
6461
11840
49367
59103
45090
4766
4713
205053
209854
136787
32751
35540
59711
61046
34011
202015
205016
204601
46606
25291
206246
37518
39832
60729
208323
8881
202276
213010
35913
24806
15694
41406
57367
197226
200088
42927
29522
203417
47544
43962
208566
12824
15967
201814
60713
206589
47223
20552
48505
31242
59472
29593
15391
39566
199524
61003
212238
136557
47810
63023
206446
397540
202422
137409
54138
29485
58065
13335
206444
197706
31898
7195
136175
205544
30058
8473
212477
3214
44725
4134
26347
14059
28006
17974
17451
23969
131090
9829
34588
50582
7713
7552
53831